#
#
#  Percent Identity  Matrix - created by Clustal2.1 
#
#

     1: XP_013644075.2  100.00   78.57   76.26   79.58   78.17   76.76   80.58   81.02   80.58   78.99   80.58   79.86
     2: KFK26588.1       78.57  100.00   91.49   81.94   82.64   81.25   85.00   82.98   83.22   83.80   85.31   84.62
     3: VVA96687.1       76.26   91.49  100.00   82.27   82.98   82.27   86.33   84.89   85.71   85.71   86.43   85.71
     4: XP_010440575.1   79.58   81.94   82.27  100.00   96.00   95.33   87.94   90.34   89.12   89.73   91.16   90.48
     5: XP_010482218.1   78.17   82.64   82.98   96.00  100.00   98.00   88.65   91.72   89.80   90.41   91.84   91.16
     6: XP_010442409.1   76.76   81.25   82.27   95.33   98.00  100.00   87.94   91.03   88.44   89.04   90.48   89.80
     7: XP_006395062.1   80.58   85.00   86.33   87.94   88.65   87.94  100.00   89.93   90.07   90.71   92.20   91.49
     8: NP_199756.1      81.02   82.98   84.89   90.34   91.72   91.03   89.93  100.00   91.03   91.03   92.41   91.72
     9: CAE6230716.1     80.58   83.22   85.71   89.12   89.80   88.44   90.07   91.03  100.00   96.58   97.96   97.28
    10: XP_020871920.1   78.99   83.80   85.71   89.73   90.41   89.04   90.71   91.03   96.58  100.00   98.63   97.95
    11: KAG7533563.1     80.58   85.31   86.43   91.16   91.84   90.48   92.20   92.41   97.96   98.63  100.00   99.33
    12: KAG7537248.1     79.86   84.62   85.71   90.48   91.16   89.80   91.49   91.72   97.28   97.95   99.33  100.00
